0 0
64 0
128 0
192 0
256 0
320 0
384 0
448 0
512 0
576 0
640 0
704 0
768 0
832 0
896 0
960 0
1024 0
64 715
128 715
192 715
256 715
320 715
384 715
448 715
512 715
576 715
640 715
704 715
768 715
832 715
896 715
960 715
1024 735
-64  75
0 139
0 203
0 267
0 331
0 395
0 459
0 523
0 587
0 651
0 715
192 64
192 75
192 139
192 203
192 267
192 331
192 395
192 459
192 523
384 139
384 331
384 395
384 459
384 523
384 587
384 651
384 715
448 139
512 139
576 139
640 139
704 139
768 139
832 139
896 139
960 139
1024 0
960 64
960 100
960 139
960 203
960 267
960 331
960 395
960 459
960 651$
896 75 0
512 651 1$
384 203 0
384 267 0
960 523 1
960 587 1$
0 70$
640 250
500 400
600 600
750 500