0 0
64 0
128 0
192 0
256 0
320 0
384 0
448 0
512 0
576 0
640 0
704 0
768 0
832 0
896 0
960 0
1024 0
64 715
128 715
192 715
256 715
320 715
384 715
448 715
512 715
576 715
640 715
704 715
768 715
832 715
896 715
960 715
1024 735
-64  75
0 139
0 203
0 267
0 331
0 395
0 459
0 523
0 587
0 651
0 715
256 64
256 75
256 139
256 203
64 395
128 395
192 395
256 395
320 395
384 395
448 395
512 395
576 395
960 64
960 100
960 139
960 203
960 267
960 331
960 395
960 459
960 651
704 204
704 64
704 128
704 150
896 204 0
960 651$
66 650 0
850 69 1$
767 204 0
831 204 0
960 523 1
960 587 1$
0 70$
256 250
64 256
192 64
768 64$
66 510 900 510 66 510
66 580 900 580 400 580
66 650 900 650 744 650