0 0
64 0
128 0
192 0
256 0
320 0
384 0
448 0
512 0
576 0
640 0
704 0
768 0
832 0
896 0
960 0
1024 0
0 140
64 140
128 140
192 140
256 140
320 140
384 140
448 140
512 140
576 140
192 524
256 524
256 580
320 580
320 588
320 652
64 715
128 715
192 715
256 715
320 715
384 715
448 715
512 715
576 715
640 715
704 715
768 715
832 715
896 715
960 715
1024 735
-64  75
0 139
0 203
0 267
0 331
0 395
0 459
0 523
0 587
0 651
0 715
960 64
960 100
960 139
960 203
960 267
960 331
960 395
960 459
960 651$
256 651 0$
960 523 0
960 587 0$
0 70